[17, 41, 47, 71, 73, 89, 97, 113, 137, 167, 191, 193, 233, 239, 241, 257, 263, 281,
311, 313, 337, 353, 359, 383, 401, 409, 431, 433, 449, 457, 479, 503, 521, 569, 
577, 593, 599, 601, 617, 641, 647, 673, 719, 743, 761, 769, 839, 857, 863, 881, 
887, 911, 929, 937, 953, 977, 983 ]




[*
    <
        17,

        [ 1 -1]
        [-1  1]
    >,

    <
        23,

        [ 1 -1]
        [-1  1]
    >,

    <
        41,

        [ 1 -1]
        [-1  1]
    >,

    <
        47,

        [1 1]
        [1 1]
    >*]


[*
    <
        71,

        [1 1]
        [1 1]
    >,

    <
        71,

        [ 1 -1]
        [-1  1]
    >,

    <
        73,

        [ 1 -1 -1  1]
        [-1  1 -1  1]
        [-1 -1  1 -1]
        [ 1  1 -1  1]
    >,

    <
        89,

        [1 1]
        [1 1]
    >,

    <
        97,

        [ 1  1 -1  1]
        [ 1  1 -1 -1]
        [-1 -1  1  1]
        [ 1 -1  1  1]
    >,

    <
        113,

        [1 1]
        [1 1]
    >,

    <
        137,

        [ 1 -1]
        [-1  1]
    >,

    <
        167,

        [ 1 -1]
        [-1  1]
    >,

    <
        191,

        [1 1]
        [1 1]
    >,

    <
        193,

        [ 1  1  1  1]
        [ 1  1  1  1]
        [ 1  1  1 -1]
        [ 1  1 -1  1]
    >,

    <
        233,

        [1 1]
        [1 1]
    >,

    <
        239,

        [1 1]
        [1 1]
    >,

    <
        241,

        [ 1  1  1  1]
        [ 1  1  1  1]
        [ 1  1  1 -1]
        [ 1  1 -1  1]
    >,

    <
        257,

        [1 1]
        [1 1]
    >,

    <
        263,

        [ 1 -1]
        [-1  1]
    >,

    <
        281,

        [1 1]
        [1 1]
    >,

    <
        311,

        [ 1 -1]
        [-1  1]
    >,

    <
        313,

        [ 1 -1  1  1]
        [-1  1  1 -1]
        [ 1  1  1 -1]
        [ 1 -1 -1  1]
    >,

    <
        337,

        [ 1  1 -1  1]
        [ 1  1 -1 -1]
        [-1 -1  1 -1]
        [ 1 -1 -1  1]
    >,

    <
        353,

        [1 1]
        [1 1]
    >,

    <
        359,

        [ 1 -1]
        [-1  1]
    >,

    <
        383,

        [1 1]
        [1 1]
    >,

    <
        401,

        [ 1 -1]
        [-1  1]
    >,

    <
        409,

        [ 1 -1 -1  1]
        [-1  1 -1  1]
        [-1 -1  1  1]
        [ 1  1  1  1]
    >,
<
        431,

        [1 1]
        [1 1]
    >
*]



[*
    <
        433,

        [ 1  1 -1  1]
        [ 1  1 -1 -1]
        [-1 -1  1  1]
        [ 1 -1  1  1]
    >,

    <
        449,

        [1 1]
        [1 1]
    >,

    <
        457,

        [ 1 -1  1 -1]
        [-1  1  1 -1]
        [ 1  1  1  1]
        [-1 -1  1  1]
    >,

    <
        479,

        [ 1 -1]
        [-1  1]
    >,

    <
        503,

        [1 1]
        [1 1]
    >,

    <
        521,

        [1 1]
        [1 1]
    >,

    <
        569,

        [1 1]
        [1 1]
    >,

    <
        577,

        [ 1  1 -1  1]
        [ 1  1  1  1]
        [-1  1  1 -1]
        [ 1  1 -1  1]
    >,

    <
        593,

        [1 1]
        [1 1]
    >,

    <
        599,

        [1 1]
        [1 1]
    >,

    <
        601,

        [ 1 -1 -1]
        [-1  1 -1]
        [-1 -1  1]
    >,

    <
        617,

        [ 1 -1]
        [-1  1]
    >,

    <
        641,

        [1 1]
        [1 1]
    >,

    <
        647,

        [1 1]
        [1 1]
    >,

    <
        673,

        [ 1  1 -1  1]
        [ 1  1 -1 -1]
        [-1 -1  1  1]
        [ 1 -1  1  1]
    >,

    <
        719,

        [ 1 -1]
        [-1  1]
    >,

    <
        743,

        [1 1]
        [1 1]
    >,

    <
        761,

        [1 1]
        [1 1]
    >,

    <
        769,

        [ 1  1  1  1]
        [ 1  1 -1 -1]
        [ 1 -1  1 -1]
        [ 1 -1 -1  1]
    >,

    <
        839,

        [1 1]
        [1 1]
    >,

    <
        857,

        [1 1]
        [1 1]
    >,

    <
        863,

        [ 1 -1]
        [-1  1]
    >,

    <
        881,

        [1 1]
        [1 1]
    >,

    <
        887,

        [1 1]
        [1 1]
    >,

    <
        911,

        [ 1 -1]
        [-1  1]
    >,

    <
        929,

        [ 1 -1]
        [-1  1]
    >,

    <
        937,

        [ 1 -1  1  1]
        [-1  1  1 -1]
        [ 1  1  1  1]
        [ 1 -1  1  1]
    >,

    <
        953,

        [1 1]
        [1 1]
    >,

    <
        977,

        [1 1]
        [1 1]
    >,

    <
        983,

        [1 1]
        [1 1]
    >
*]


